
Orignal Generation
0    1    0    0    1    1    1    
1    1    0    0    1    0    1    
1    0    0    1    1    0    1    
1    0    1    1    1    0    1    
1    1    0    1    1    1    1    
0    1    0    0    1    1    0    
0    0    0    0    1    1    0    

Generation No 1
1    1    0    0    1    0    1    
1    1    1    0    0    0    1    
1    0    0    0    0    0    1    
1    0    0    0    0    0    1    
1    0    0    0    0    0    1    
1    1    1    0    0    0    0    
0    0    0    0    1    1    0    

Generation No 2
1    0    1    0    0    1    0    
0    0    1    0    0    0    1    
1    0    0    0    0    1    1    
1    1    0    0    0    1    1    
1    0    0    0    0    0    0    
1    1    0    0    0    1    0    
0    1    0    0    0    0    0    

Generation No 3
0    1    0    0    0    0    0    
0    0    0    0    0    0    1    
1    0    0    0    0    0    0    
1    1    0    0    0    1    1    
0    0    0    0    0    1    1    
1    1    0    0    0    0    0    
1    1    0    0    0    0    0    

Generation No 4
0    0    0    0    0    0    0    
0    0    0    0    0    0    0    
1    1    0    0    0    1    1    
1    1    0    0    0    1    1    
0    0    0    0    0    1    1    
1    1    0    0    0    0    0    
1    1    0    0    0    0    0    

Generation No 5
0    0    0    0    0    0    0    
0    0    0    0    0    0    0    
1    1    0    0    0    1    1    
1    1    0    0    1    0    0    
0    0    0    0    0    1    1    
1    1    0    0    0    0    0    
1    1    0    0    0    0    0    

Generation No 6
0    0    0    0    0    0    0    
0    0    0    0    0    0    0    
1    1    0    0    0    1    0    
1    1    0    0    1    0    0    
0    0    0    0    0    1    0    
1    1    0    0    0    0    0    
1    1    0    0    0    0    0    
